2.803584337234497070e-01
2.239744424819946289e+00
3.014479279518127441e-01
2.550578415393829346e-01
3.294340670108795166e-01
3.798962235450744629e-01
1.194992363452911377e-01
8.737078309059143066e-01
3.167754709720611572e-01
1.752065062522888184e+00
1.252133846282958984e+00
6.705865263938903809e-01
5.551264286041259766e-01
5.374538898468017578e-01
6.862574219703674316e-01
1.418024301528930664e-01
1.486610412597656250e+00
2.342269420623779297e-01
4.643509089946746826e-01
2.446191906929016113e-01
1.341130137443542480e-01
6.634039282798767090e-01
3.086823225021362305e-01
3.073066771030426025e-01
6.035934686660766602e-01
7.949680685997009277e-01
1.705834269523620605e-01
3.190205991268157959e-01
2.027111530303955078e+00
3.269131109118461609e-02
7.531337738037109375e-01
1.416362762451171875e+00
2.491237968206405640e-01
1.414498686790466309e-01
3.263206481933593750e-01
3.797550201416015625e-01
6.612604111433029175e-02
4.693474471569061279e-01
4.005213379859924316e-01
4.876789450645446777e-01
2.361476719379425049e-01
1.360312849283218384e-01
3.232785463333129883e-01
2.935696840286254883e-01
1.815567314624786377e-01
1.120820939540863037e-01
2.427310049533843994e-01
3.825286328792572021e-01
4.803142845630645752e-01
8.354436159133911133e-01
1.390186846256256104e-01
6.090486645698547363e-01
5.532944798469543457e-01
2.791277170181274414e-01
5.916942954063415527e-01
5.994805097579956055e-01
2.364814132452011108e-01
3.155947029590606689e-01
2.693657279014587402e-01
3.432033360004425049e-01
6.896613240242004395e-01
2.711842656135559082e-01
2.867716550827026367e-01
1.726769506931304932e-01
2.809284627437591553e-01
1.785008162260055542e-01
3.280035555362701416e-01
1.471501439809799194e-01
2.971230447292327881e-01
1.286418676376342773e+00
5.195112228393554688e-01
5.747984051704406738e-01
1.844177544116973877e-01
4.239244759082794189e-01
5.428139567375183105e-01
6.051018238067626953e-01
7.247029542922973633e-01
1.691499590873718262e+00
6.883015036582946777e-01
4.059331119060516357e-01
8.795082569122314453e-02
4.980974197387695312e-01
8.592467755079269409e-02
3.845194280147552490e-01
3.971602320671081543e-01
8.225136995315551758e-01
7.082719206809997559e-01
3.481353223323822021e-01
1.220817327499389648e+00
2.692983746528625488e-01
6.297132968902587891e-01
9.606238007545471191e-01
2.099366337060928345e-01
2.489471733570098877e-01
1.197087764739990234e+00
2.404847890138626099e-01
4.125319123268127441e-01
1.637729644775390625e+00
1.387214541435241699e+00
2.029171735048294067e-01
7.486889511346817017e-02
1.668560653924942017e-01
1.822168081998825073e-01
2.534532248973846436e-01
3.282158672809600830e-01
3.232130706310272217e-01
4.437593221664428711e-01
6.069946885108947754e-01
1.620320975780487061e-01
6.680462956428527832e-01
4.409953355789184570e-01
1.550221741199493408e-01
2.147440314292907715e-01
4.614291191101074219e-01
2.023560255765914917e-01
4.455918669700622559e-01
2.419835180044174194e-01
1.395748704671859741e-01
1.999564915895462036e-01
4.699920117855072021e-01
2.370906472206115723e-01
5.842214077711105347e-02
1.064419150352478027e+00
4.665584564208984375e-01
4.049612283706665039e-01
8.664878010749816895e-01
8.688914775848388672e-02
1.362667798995971680e+00
8.533640950918197632e-02
1.605572938919067383e+00
2.066938638687133789e+00
3.139921426773071289e-01
9.157565236091613770e-01
2.411602497100830078e+00
3.842883408069610596e-01
1.427948027849197388e-01
8.864374458789825439e-02
2.049945294857025146e-01
5.076286196708679199e-01
6.844958066940307617e-01
5.585518479347229004e-01
4.265516400337219238e-01
2.074965089559555054e-01
8.302425146102905273e-01
6.036300659179687500e-01
2.610674872994422913e-02
1.747794002294540405e-01
3.443347215652465820e-01
1.721721291542053223e-01
8.201004862785339355e-01
5.452328920364379883e-01
1.424088358879089355e+00
9.614498615264892578e-01
1.241941928863525391e+00
4.745856821537017822e-01
6.513293981552124023e-01
2.209970653057098389e-01
4.703747630119323730e-01
1.924014449119567871e+00
2.618796527385711670e-01
6.032137274742126465e-01
1.881288439035415649e-01
3.776303529739379883e-01
1.628201901912689209e-01
1.856708377599716187e-01
8.065275549888610840e-01
1.748227775096893311e-01
1.958075612783432007e-01
1.954504698514938354e-01
2.615765929222106934e-01
1.661044955253601074e-01
1.136272668838500977e+00
4.133823886513710022e-02
3.265054523944854736e-01
3.856039643287658691e-01
2.780174911022186279e-01
1.195890784263610840e+00
2.256228625774383545e-01
1.455443650484085083e-01
1.000439524650573730e+00
5.882043242454528809e-01
8.734845519065856934e-01
3.727518916130065918e-01
1.076783537864685059e+00
2.395469993352890015e-01
2.482629716396331787e-01
8.896898478269577026e-02
7.184861600399017334e-02
3.168711364269256592e-01
4.832177162170410156e-01
1.727084219455718994e-01
7.164578884840011597e-02
5.198288559913635254e-01
1.967213898897171021e-01
1.220274716615676880e-01
5.810979604721069336e-01
4.068445563316345215e-01
6.376413702964782715e-01
1.781235635280609131e-01
6.902428269386291504e-01
1.937538683414459229e-01
1.065975189208984375e+00
6.259743869304656982e-02
1.258146166801452637e-01
2.352432459592819214e-01
2.561494112014770508e-01
4.261272549629211426e-01
9.291226863861083984e-01
1.704881042242050171e-01
1.007242083549499512e+00
1.062469556927680969e-01
4.120652377605438232e-01
1.256024479866027832e+00
2.707748115062713623e-01
2.726171612739562988e-01
1.386942714452743530e-01
7.786328345537185669e-02
3.285671472549438477e-01
1.539686620235443115e-01
1.644891351461410522e-01
4.079958498477935791e-01
7.819115519523620605e-01
8.131052255630493164e-01
6.090571880340576172e-01
5.882215499877929688e-01
8.639081716537475586e-01
2.536662220954895020e-01
3.149370551109313965e-01
8.404354006052017212e-02
8.650597184896469116e-02
5.388432145118713379e-01
2.705853581428527832e-01
3.497589826583862305e-01
2.203820645809173584e-01
5.888865590095520020e-01
1.153194531798362732e-02
2.327032387256622314e-01
1.769801259040832520e+00
8.736504912376403809e-01
3.946155011653900146e-01
6.048225164413452148e-01
1.943968981504440308e-01
3.182091712951660156e-01
1.664039045572280884e-01
7.175185680389404297e-01
6.011402234435081482e-03
1.054543614387512207e+00
6.346770524978637695e-01
5.840860605239868164e-01
6.796889901161193848e-01
2.293371111154556274e-01
5.595111250877380371e-01
9.203404784202575684e-01
1.322696357965469360e-01
8.306564092636108398e-01
8.669998645782470703e-01
1.246699988842010498e-01
8.607539534568786621e-01
4.096910655498504639e-01
2.533492743968963623e-01
2.346369922161102295e-01
1.701099239289760590e-02
3.062620759010314941e-01
7.390188574790954590e-01
1.656150817871093750e+00
2.481205463409423828e-01
2.492822110652923584e-01
4.371510148048400879e-01
5.504969134926795959e-02
1.728104203939437866e-01
9.558376073837280273e-01
2.997246682643890381e-01
4.407604932785034180e-01
3.059550523757934570e-01
5.179867744445800781e-01
7.889071851968765259e-02
3.760528266429901123e-01
6.573777180165052414e-03
1.999775022268295288e-01
2.345659136772155762e-01
5.455794930458068848e-01
1.402068436145782471e-01
9.275377541780471802e-02
5.541004538536071777e-01
2.054695785045623779e-01
3.303316235542297363e-01
6.757764816284179688e-01
8.028856515884399414e-01
4.958996772766113281e-01
5.012408494949340820e-01
7.071548700332641602e-01
1.064208000898361206e-01
1.718028545379638672e+00
2.538684308528900146e-01
2.538726031780242920e-01
1.048755526542663574e+00
5.026084780693054199e-01
3.802771568298339844e-01
1.252446770668029785e-01
1.186890751123428345e-01
2.651341855525970459e-01
1.337385624647140503e-01
1.049932166934013367e-01
1.903708726167678833e-01
5.942326188087463379e-01
4.465695023536682129e-01
8.421381711959838867e-01
1.909067928791046143e-01
3.853284418582916260e-01
1.539148688316345215e-01
2.963191866874694824e-01
2.439085841178894043e-01
1.967601031064987183e-01
1.524989306926727295e-01
6.604789197444915771e-02
9.530244469642639160e-01
2.172326445579528809e-01
2.906236350536346436e-01
1.187784597277641296e-01
2.419691383838653564e-01
3.684848546981811523e-01
1.782866865396499634e-01
1.798555552959442139e-01
5.037629604339599609e-01
3.930664062500000000e-01
1.062670499086380005e-01
2.108237333595752716e-02
4.811310470104217529e-01
3.324292302131652832e-01
4.355468451976776123e-01
1.139433458447456360e-01
8.428331464529037476e-02
1.102768555283546448e-01
8.588243126869201660e-01
3.772874176502227783e-01
6.595777720212936401e-02
1.044017076492309570e+00
7.963526844978332520e-01
9.098180532455444336e-01
2.568859755992889404e-01
1.922294497489929199e-01
7.640636712312698364e-02
7.943274974822998047e-01
3.360943198204040527e-01
1.904325336217880249e-01
3.417117297649383545e-01
1.064652681350708008e+00
1.567240506410598755e-01
8.150011301040649414e-01
2.483118921518325806e-01
1.328957378864288330e-01
2.826371192932128906e-01
2.882244288921356201e-01
4.163727462291717529e-01
3.062666058540344238e-01
1.392781287431716919e-01
6.890875697135925293e-01
1.854037344455718994e-01
1.977486312389373779e-01
2.927758991718292236e-01
2.118093669414520264e-01
6.070056185126304626e-02
3.982137441635131836e-01
8.077382296323776245e-02
6.244264245033264160e-01
5.253335833549499512e-01
6.168568730354309082e-01
2.199435979127883911e-01
3.174958527088165283e-01
1.456468701362609863e-01
3.929481506347656250e-01
3.928636908531188965e-01
2.627534270286560059e-01
1.304193258285522461e+00
2.526158094406127930e-01
1.791120320558547974e-01
4.066069424152374268e-02
3.734466135501861572e-01
1.875469833612442017e-01
2.397840738296508789e+00
4.860823452472686768e-01
3.447324037551879883e-01
9.449058771133422852e-01
9.833869338035583496e-01
5.107108354568481445e-01
1.693256199359893799e-01
3.846964538097381592e-01
3.551354110240936279e-01
5.778137445449829102e-01
2.492504417896270752e-01
1.272843241691589355e+00
4.848741888999938965e-01
6.689443588256835938e-01
9.467897415161132812e-01
4.815508127212524414e-01
3.435236513614654541e-01
1.004455760121345520e-01
1.209069937467575073e-01
3.810169994831085205e-01
6.615766286849975586e-01
7.698147892951965332e-01
3.112477958202362061e-01
1.082623720169067383e+00
5.084449052810668945e-01
9.286819696426391602e-01
5.687370300292968750e-01
2.515313327312469482e-01
2.321922630071640015e-01
4.360222816467285156e-01
2.169681072235107422e+00
4.189365208148956299e-01
1.679479479789733887e-01
9.947928786277770996e-02
8.484101891517639160e-01
8.584675192832946777e-01
4.380463063716888428e-01
3.791346251964569092e-01
5.912298560142517090e-01
3.233871161937713623e-01
7.628950476646423340e-02
7.019515633583068848e-01
2.358740121126174927e-01
1.499928355216979980e+00
2.372878640890121460e-01
7.168539762496948242e-01
1.954906135797500610e-01
4.760870635509490967e-01
2.535557150840759277e-01
1.672575473785400391e+00
2.085143774747848511e-01
7.373675704002380371e-01
6.337290406227111816e-01
2.906691431999206543e-01
6.329519748687744141e-01
8.822555094957351685e-02
6.827944517135620117e-02
1.649384796619415283e-01
2.924914956092834473e-01
4.119175076484680176e-01
3.049002885818481445e-01
5.815688371658325195e-01
1.710753321647644043e+00
6.040649414062500000e-01
3.097971677780151367e-01
6.769154667854309082e-01
4.011144042015075684e-01
9.437109529972076416e-02
5.309987664222717285e-01
1.576916873455047607e-01
1.007346987724304199e+00
2.612515091896057129e-01
3.092089295387268066e-01
3.683979213237762451e-01
9.974853992462158203e-01
2.584898471832275391e-01
1.210010573267936707e-01
1.839121729135513306e-01
2.543069124221801758e-01
6.924104690551757812e-02
2.320343405008316040e-01
3.430280387401580811e-01
5.687282085418701172e-01
9.702581167221069336e-01
1.860364079475402832e-01
1.033216238021850586e+00
8.672647476196289062e-01
3.059630393981933594e-01
5.593029037117958069e-02
1.842600703239440918e-01
9.319914579391479492e-01
1.405653357505798340e-01
5.534141659736633301e-01
1.007073044776916504e+00
4.560047686100006104e-01
1.156477808952331543e+00
7.583990693092346191e-01
5.644010305404663086e-01
5.609088391065597534e-02
1.116239666938781738e+00
4.971406757831573486e-01
2.420474588871002197e-01
1.111624389886856079e-01
5.998855829238891602e-01
2.311529070138931274e-01
7.786644250154495239e-02
3.376432657241821289e-01
6.286050081253051758e-01
8.249412477016448975e-02
6.335124969482421875e-01
3.758807182312011719e-01
1.111920475959777832e+00
7.028175592422485352e-01
2.992584109306335449e-01
4.641469717025756836e-01
4.652250409126281738e-01
4.740443527698516846e-01
1.189950942993164062e+00
2.399757951498031616e-01
3.097522556781768799e-01
1.518291383981704712e-01
1.640922725200653076e-01
1.258072108030319214e-01
3.857369124889373779e-01
2.688221454620361328e+00
4.454939067363739014e-01
5.538190007209777832e-01
2.994453012943267822e-01
1.041969418525695801e+00
1.883959025144577026e-01
1.088026881217956543e+00
4.703855514526367188e-01
6.886861324310302734e-01
5.490890741348266602e-01
3.530683219432830811e-01
2.091975808143615723e-01
4.930676221847534180e-01
9.318895936012268066e-01
3.808511197566986084e-01
8.573657274246215820e-01
5.515307933092117310e-02
4.392299652099609375e-01
4.949226379394531250e-01
5.515021681785583496e-01
1.019080281257629395e+00
8.722550272941589355e-01
2.526794672012329102e-01
1.306979417800903320e+00
6.816410422325134277e-01
3.437637984752655029e-01
1.650428622961044312e-01
3.578250706195831299e-01
8.483852148056030273e-01
3.526757955551147461e-01
2.219339907169342041e-01
8.536335229873657227e-01
4.425701498985290527e-01
3.339778482913970947e-01
1.934639662504196167e-01
1.350846409797668457e+00
5.681737065315246582e-01
2.848364710807800293e-01
2.324534207582473755e-01
3.675112724304199219e-01
4.432365000247955322e-01
4.712211787700653076e-01
9.155677556991577148e-01
1.402799487113952637e+00
1.411473512649536133e+00
2.898890674114227295e-01
3.432897329330444336e-01
3.097084462642669678e-01
7.217460870742797852e-01
4.077946841716766357e-01
2.096216827630996704e-01
4.275926053524017334e-01
9.778102636337280273e-01
7.960507273674011230e-01
1.734375208616256714e-01
4.967043697834014893e-01
3.393262624740600586e-01
4.846642315387725830e-01
2.412246614694595337e-01
2.790325284004211426e-01
4.500194787979125977e-01
3.798602819442749023e-01
9.659684896469116211e-01
1.359951615333557129e+00
1.150986552238464355e+00
5.805795192718505859e-01
5.909458398818969727e-01
2.224878966808319092e-01
1.277306675910949707e+00
1.428481191396713257e-01
3.673824071884155273e-01
3.635457754135131836e-01
1.146811366081237793e+00
1.971088498830795288e-01
1.346455812454223633e+00
1.379399895668029785e-01
3.398768603801727295e-01
4.432787597179412842e-01
5.120836496353149414e-01
3.092254400253295898e-01
1.074562668800354004e+00
6.503616571426391602e-01
2.105044722557067871e-01
6.951590180397033691e-01
3.969933688640594482e-01
1.509721040725708008e+00
1.664728164672851562e+00
2.813802361488342285e-01
3.037431836128234863e-01
1.629755496978759766e-01
1.917988300323486328e+00
1.240159273147583008e+00
3.971376717090606689e-01
9.920592606067657471e-02
2.633032798767089844e-01
5.785004496574401855e-01
1.240076661109924316e+00
2.572544217109680176e-01
1.508847475051879883e-01
2.239982187747955322e-01
6.528542041778564453e-01
4.152451157569885254e-01
9.485241770744323730e-01
6.083040833473205566e-01
7.993407547473907471e-02
5.033504962921142578e-01
7.594735622406005859e-01
1.815441370010375977e+00
5.904422402381896973e-01
9.544565677642822266e-01
1.077389344573020935e-01
1.031917333602905273e-01
1.687365174293518066e-01
6.030542254447937012e-01
1.423376083374023438e+00
9.208665229380130768e-03
4.802810251712799072e-01
3.212646245956420898e-01
5.293946266174316406e-01
1.290640830993652344e-01
4.006581008434295654e-01
1.859977126121520996e+00
1.979230195283889771e-01
1.192864552140235901e-01
1.943909972906112671e-01
5.275821089744567871e-01
3.578348159790039062e-01
1.492042988538742065e-01
5.470846295356750488e-01
9.430674910545349121e-01
7.000030577182769775e-02
7.226867079734802246e-01
2.628934085369110107e-01
2.380180060863494873e-01
5.956615805625915527e-01
3.189195096492767334e-01
7.283810377120971680e-01
1.682302474975585938e+00
3.997627496719360352e-01
6.512257456779479980e-02
4.327875375747680664e-01
1.246383972465991974e-02
1.779169738292694092e-01
5.415238812565803528e-02
1.374666213989257812e+00
2.434537261724472046e-01
3.223663195967674255e-02
1.091506242752075195e+00
2.127431184053421021e-01
7.608998417854309082e-01
3.246161639690399170e-01
4.191935807466506958e-02
3.988489806652069092e-01
1.002268791198730469e+00
4.884400367736816406e-01
3.996230959892272949e-01
3.144193887710571289e-01
8.198415040969848633e-01
4.029306173324584961e-01
7.016505599021911621e-01
7.510703802108764648e-01
2.663853764533996582e-01
7.470672577619552612e-02
6.447889804840087891e-01
3.767836689949035645e-01
3.471554219722747803e-01
8.738518953323364258e-01
7.765383124351501465e-01
6.087891459465026855e-01
2.794563174247741699e-01
3.029922544956207275e-01
3.396123051643371582e-01
3.531315028667449951e-01
4.722061157226562500e-01
4.219352304935455322e-01
1.626056581735610962e-01
2.565732300281524658e-01
6.673322916030883789e-01
3.986555337905883789e-01
5.119537711143493652e-01
6.074421405792236328e-01
2.674098908901214600e-01
2.086576074361801147e-01
1.760727018117904663e-01
7.038203477859497070e-01
9.034051299095153809e-01
3.691971004009246826e-01
6.007565855979919434e-01
2.557610273361206055e-01
9.832143783569335938e-02
4.222874939441680908e-01
4.679416418075561523e-01
5.786632895469665527e-01
2.628852427005767822e-01
4.989563822746276855e-01
2.610087096691131592e-01
8.304291218519210815e-02
1.008308008313179016e-01
4.012092053890228271e-01
1.216955557465553284e-01
5.216743350028991699e-01
3.467750251293182373e-01
1.570834368467330933e-01
1.194556713104248047e+00
1.265956014394760132e-01
3.078971505165100098e-01
4.667878746986389160e-01
4.794101119041442871e-01
3.623221218585968018e-01
4.975240528583526611e-01
9.630468487739562988e-02
1.093886375427246094e+00
5.992844700813293457e-01
4.021921455860137939e-01
1.388708114624023438e+00
7.085605859756469727e-01
3.766317963600158691e-01
4.496302306652069092e-01
3.348827362060546875e-01
2.644261121749877930e-01
1.350335329771041870e-01
2.735443711280822754e-01
3.887961506843566895e-01
4.880760014057159424e-01
2.343605905771255493e-01
6.868413686752319336e-01
2.698541879653930664e-01
7.622865587472915649e-02
3.820551633834838867e-01
1.753550171852111816e-01
1.249171122908592224e-01
2.120501995086669922e-01
1.454415470361709595e-01
1.343021690845489502e-01
2.740230858325958252e-01
9.508409500122070312e-01
6.286882162094116211e-01
9.844576120376586914e-01
7.256831526756286621e-01
5.684136152267456055e-01
5.270172357559204102e-01
8.571337461471557617e-01
1.099679231643676758e+00
9.215791225433349609e-01
1.099632620811462402e+00
9.648181498050689697e-02
4.079841971397399902e-01
9.899736642837524414e-01
2.365596145391464233e-01
1.937262713909149170e-01
6.664897203445434570e-01
6.960130333900451660e-01
8.176904171705245972e-02
2.731219530105590820e-01
1.600742936134338379e-01
9.617106914520263672e-01
1.609142124652862549e-01
1.844690740108489990e-01
3.369286954402923584e-01
3.205807507038116455e-01
6.727713942527770996e-01
4.995598495006561279e-01
1.036120533943176270e+00
9.873775839805603027e-01
8.233082890510559082e-01
3.433744013309478760e-01
7.834289073944091797e-01
8.844426870346069336e-01
3.839519619941711426e-01
2.792786955833435059e-01
1.006482481956481934e+00
8.955712616443634033e-02
4.447116255760192871e-01
1.119854688644409180e+00
2.994045019149780273e-01
4.538808465003967285e-01
1.908986717462539673e-01
1.859540343284606934e-01
2.565868496894836426e-01
2.398072332143783569e-01
8.919001221656799316e-01
4.413221180438995361e-01
1.648818552494049072e-01
7.104902863502502441e-01
6.549065560102462769e-02
7.113692164421081543e-01
7.688120007514953613e-02
3.790676295757293701e-01
1.019398421049118042e-01
9.561770595610141754e-03
9.317383170127868652e-01
5.809041261672973633e-01
5.124036073684692383e-01
1.869492530822753906e-01
4.073866829276084900e-02
4.249879121780395508e-01
4.289940595626831055e-01
2.514423131942749023e-01
3.388146162033081055e-01
2.237457484006881714e-01
3.200989365577697754e-01
4.896890223026275635e-01
3.009257018566131592e-01
3.289915621280670166e-01
5.162004828453063965e-01
3.273219764232635498e-01
9.069592952728271484e-01
2.790569067001342773e-01
6.555640697479248047e-02
7.121878266334533691e-01
3.777328729629516602e-01
3.078484907746315002e-02
1.245232939720153809e+00
9.607887268066406250e-02
2.375160157680511475e-01
6.465303152799606323e-02
1.751530021429061890e-01
2.045850753784179688e-01
2.807037532329559326e-01
6.280487775802612305e-01
9.430483728647232056e-02
8.814846724271774292e-02
8.239825963973999023e-01
3.205119371414184570e-01
1.858384311199188232e-01
1.405323624610900879e+00
8.221333622932434082e-01
6.136057376861572266e-01
1.063202023506164551e+00
2.448635995388031006e-01
4.887571930885314941e-01
1.746841222047805786e-01
1.991107165813446045e-01
1.057355999946594238e+00
2.026196122169494629e-01
7.086675167083740234e-01
9.173758029937744141e-01
5.916188955307006836e-01
1.034270524978637695e-01
4.247064888477325439e-01
2.590475976467132568e-01
2.553038895130157471e-01
5.165905952453613281e-01
4.269254803657531738e-01
5.498170852661132812e-01
1.595927923917770386e-01
5.446348786354064941e-01
2.909520864486694336e-01
1.191887408494949341e-01
3.451271355152130127e-01
2.723154723644256592e-01
2.095423340797424316e-01
2.002605646848678589e-01
8.230292797088623047e-01
3.145321011543273926e-01
2.916646003723144531e-01
1.378342747688293457e+00
5.723804831504821777e-01
1.186080217361450195e+00
2.398158013820648193e-01
1.052666977047920227e-01
5.141454935073852539e-01
7.517794370651245117e-01
4.815343022346496582e-01
1.441623121500015259e-01
5.798032879829406738e-01
3.369497954845428467e-01
1.061768084764480591e-01
2.755703590810298920e-02
2.908280491828918457e-01
1.003028631210327148e+00
4.147143661975860596e-01
2.535855174064636230e-01
6.787964701652526855e-01
6.042929291725158691e-01
4.403911828994750977e-01
2.009014189243316650e-01
7.003475427627563477e-01
4.794352948665618896e-01
1.336578965187072754e+00
3.000919520854949951e-01
1.142854616045951843e-01
4.636829197406768799e-01
3.544035553932189941e-01
2.109755426645278931e-01
1.002545595169067383e+00
5.415953993797302246e-01
8.874814212322235107e-02
5.064406991004943848e-01
7.795912623405456543e-01
7.341183722019195557e-02
4.283160567283630371e-01
1.530550420284271240e-01
2.089414373040199280e-02
3.602100014686584473e-01
1.670241713523864746e+00
3.680587112903594971e-01
2.380193583667278290e-02
1.830265223979949951e-01
1.744500398635864258e+00
6.107625365257263184e-01
5.976205468177795410e-01
2.810781002044677734e-01
4.308407604694366455e-01
8.391113281250000000e-01
1.274271309375762939e-01
3.664223253726959229e-01
3.173551261425018311e-01
3.719260096549987793e-01
3.516354262828826904e-01
5.670499056577682495e-02
7.830800116062164307e-02
6.573655605316162109e-01
3.248128294944763184e-01
3.198362886905670166e-01
7.934595346450805664e-01
7.069832086563110352e-01
5.363587141036987305e-01
2.460307329893112183e-01
1.166198253631591797e-01
2.019482254981994629e-01
1.626739352941513062e-01
1.137589097023010254e+00
1.424858570098876953e+00
4.309542011469602585e-03
4.878338277339935303e-01
9.495572447776794434e-01
6.621399521827697754e-01
3.034080266952514648e-01
1.239449307322502136e-01
4.345028102397918701e-01
2.897240221500396729e-01
2.859710752964019775e-01
4.687821567058563232e-01
2.423732429742813110e-01
3.912985026836395264e-01
1.648576021194458008e+00
2.213602960109710693e-01
6.302832961082458496e-01
1.835663318634033203e-01
3.162154853343963623e-01
1.283882141113281250e+00
5.109659194946289062e+00
1.258911564946174622e-02
6.496106386184692383e-01
3.584957718849182129e-01
3.251226842403411865e-01
2.410939037799835205e-01
3.517107963562011719e-01
7.211674749851226807e-02
5.591524839401245117e-01
8.586838841438293457e-01
1.785935610532760620e-01
4.191320240497589111e-01
7.213343381881713867e-01
5.495006442070007324e-01
8.736666440963745117e-01
2.242136597633361816e-01
6.990913152694702148e-01
2.999856173992156982e-01
4.880655407905578613e-01
5.428965091705322266e-01
2.041668891906738281e-01
3.035724163055419922e-01
1.160985231399536133e-01
1.526237249374389648e+00
8.296540379524230957e-01
5.901107788085937500e-01
1.573628067970275879e+00
4.860745966434478760e-01
2.867288291454315186e-01
1.364382356405258179e-01
2.388185411691665649e-01
3.514427542686462402e-01
5.371921882033348083e-02
9.441562891006469727e-01
6.588516831398010254e-01
3.691883757710456848e-02
4.329353570938110352e-01
3.518225848674774170e-01
6.920567750930786133e-01
5.033155679702758789e-01
5.420424938201904297e-01
1.791782230138778687e-01
2.154831588268280029e-01
4.776463806629180908e-01
8.781791925430297852e-01
2.279250919818878174e-01
1.766784906387329102e+00
1.941395550966262817e-01
7.572975158691406250e-01
5.400813221931457520e-01
7.582940906286239624e-02
4.411496818065643311e-01
1.159636616706848145e+00
3.222847580909729004e-01
2.090145200490951538e-01
5.247868895530700684e-01
1.094969391822814941e+00
6.464878916740417480e-01
1.320711076259613037e-01
8.392666280269622803e-02
1.499009430408477783e-01
2.229166924953460693e-01
4.190094172954559326e-01
3.927566409111022949e-01
2.018186807632446289e+00
4.201682806015014648e-01
3.499402850866317749e-02
9.181906282901763916e-02
3.900634944438934326e-01
6.933744996786117554e-02
8.463084697723388672e-02
9.502146840095520020e-01
6.065168380737304688e-01
1.064680576324462891e+00
2.449317127466201782e-01
3.577407598495483398e-01
9.029799699783325195e-01
7.200702428817749023e-01
1.586418151855468750e-01
4.662335813045501709e-01
3.118224740028381348e-01
3.759418129920959473e-01
1.265750646591186523e+00
6.401639580726623535e-01
1.033620461821556091e-01
3.720151782035827637e-01
3.014102578163146973e-01
1.487416326999664307e-01
2.751252055168151855e-01
2.496846765279769897e-01
4.019989371299743652e-01
3.556330502033233643e-01
7.048351764678955078e-01
7.194308042526245117e-01
4.030392765998840332e-01
1.419055163860321045e-01
1.454550176858901978e-01
6.278065443038940430e-01
1.852756291627883911e-01
2.756171524524688721e-01
8.519141674041748047e-01
5.569661855697631836e-01
1.568631231784820557e-01
2.291270941495895386e-01
1.346481561660766602e+00
1.830832064151763916e-01
1.930214762687683105e-01
4.229615926742553711e-01
3.986513018608093262e-01
9.830319881439208984e-01
5.695787072181701660e-01
1.117446660995483398e+00
1.012411192059516907e-01
6.952286958694458008e-01
1.060764491558074951e-01
2.593663334846496582e-01
6.251314878463745117e-01
5.441380739212036133e-01
1.583286225795745850e-01
1.062746524810791016e+00
6.050019860267639160e-01
6.103870868682861328e-01
9.717700481414794922e-01
1.698526442050933838e-01
9.331948161125183105e-01
3.962417840957641602e-01
3.960632979869842529e-01
2.640258073806762695e-01
1.617963910102844238e-01
2.116278707981109619e-01
2.000585198402404785e-01
2.528741657733917236e-01
1.018825396895408630e-01
3.890708088874816895e-03
9.596532583236694336e-01
2.747735679149627686e-01
4.167616069316864014e-01
2.665338814258575439e-01
5.898529887199401855e-01
1.399299740791320801e+00
2.483361065387725830e-01
4.479720294475555420e-01
5.644120573997497559e-01
2.595747113227844238e-01
3.108361065387725830e-01
3.795976936817169189e-01
7.310098409652709961e-01
7.040553689002990723e-01
1.235813975334167480e+00
6.155498027801513672e-01
4.304596483707427979e-01
2.891071140766143799e-01
4.172991216182708740e-01
6.893203258514404297e-01
7.034484148025512695e-01
4.191260933876037598e-01
3.569028675556182861e-01
1.566352993249893188e-01
5.110601782798767090e-01
3.771269917488098145e-01
4.832764267921447754e-01
1.560129046440124512e+00
2.927829027175903320e-01
1.172198414802551270e+00
4.194799065589904785e-01
9.172388166189193726e-02
1.337700724601745605e+00
2.723034322261810303e-01
9.804087132215499878e-02
2.486787587404251099e-01
3.112639188766479492e+00
4.336575269699096680e-01
1.800814718008041382e-01
4.022867083549499512e-01
1.752044558525085449e-01
3.953772187232971191e-01
5.712909102439880371e-01
1.556537747383117676e-01
1.552020758390426636e-01
1.171818614006042480e+00
9.887930750846862793e-02
5.994969010353088379e-01
4.069821536540985107e-01
2.745607793331146240e-01
2.541896104812622070e-01
1.231084108352661133e+00
5.522546768188476562e-01
3.770210146903991699e-01
3.390011191368103027e-01
3.052617907524108887e-01
6.998354792594909668e-01
3.553765714168548584e-01
1.174500063061714172e-01
5.265654325485229492e-01
6.236264109611511230e-01
2.764358222484588623e-01
3.880127370357513428e-01
9.363793134689331055e-01
4.722046256065368652e-01
5.458549857139587402e-01
3.704800605773925781e-01
5.982073768973350525e-02
2.706478834152221680e-01
1.504091382026672363e+00
3.432328402996063232e-01
6.496756076812744141e-01
2.112862914800643921e-01
5.785065293312072754e-01
6.579577326774597168e-01
8.803149461746215820e-01
7.905543446540832520e-01
9.844672083854675293e-01
5.067363381385803223e-01
2.320772111415863037e-01
6.395967006683349609e-01
4.213913083076477051e-01
1.435389637947082520e+00
1.313976943492889404e-01
8.959145843982696533e-02
3.676113486289978027e-01
1.068598628044128418e+00
3.756060004234313965e-01
7.725623250007629395e-01
7.402511239051818848e-01
1.958284229040145874e-01
1.558841228485107422e+00
1.128942519426345825e-01
8.305310606956481934e-01
4.602434113621711731e-02
2.219420522451400757e-01
6.859524846076965332e-01
1.023637890815734863e+00
1.418031692504882812e+00
5.012228488922119141e-01
9.690135121345520020e-01
1.396637082099914551e+00
1.674534678459167480e-01
9.335891902446746826e-02
3.546454608440399170e-01
1.836874634027481079e-01
6.737560033798217773e-01
3.075374066829681396e-01
4.817595779895782471e-01
2.364362627267837524e-01
3.075941205024719238e-01
8.986172080039978027e-01
1.689257472753524780e-01
1.443643450736999512e+00
2.022592425346374512e-01
3.172330856323242188e-01
1.582606732845306396e-01
2.197077125310897827e-01
7.068622857332229614e-02
1.009152412414550781e+00
6.865663528442382812e-01
3.576520383358001709e-01
5.107285976409912109e-01
3.594872355461120605e-01
9.373752772808074951e-02
4.643856883049011230e-01
2.365496456623077393e-01
7.418670654296875000e-01
4.229038953781127930e-01
6.344451308250427246e-01
2.515765279531478882e-02
3.492367863655090332e-01
7.872288823127746582e-01
4.900191724300384521e-01
7.279364466667175293e-01
1.701903700828552246e+00
2.852973341941833496e-01
7.862797975540161133e-01
9.867158532142639160e-01
4.234754443168640137e-01
1.113785982131958008e+00
1.483480036258697510e-01
3.929229080677032471e-01
1.985270082950592041e-01
8.026884496212005615e-02
1.981031149625778198e-01
3.967522382736206055e-01
7.018882036209106445e-01
2.291891165077686310e-02
5.019661188125610352e-01
1.513131022453308105e+00
5.004773139953613281e-01
4.232029616832733154e-01
1.324205875396728516e+00
3.188648223876953125e-01
1.929587125778198242e+00
5.197156667709350586e-01
2.734763026237487793e-01
2.808104157447814941e-01
2.392364293336868286e-01
8.569507002830505371e-01
3.610696792602539062e-01
2.278172969818115234e-01
3.970770239830017090e-01
7.286048531532287598e-01
9.721340239048004150e-02
1.472926735877990723e-01
8.029130101203918457e-01
1.598766744136810303e-01
1.920933425426483154e-01
2.411094009876251221e-01
1.863126158714294434e-01
1.474738240242004395e+00
4.266312718391418457e-01
6.188780665397644043e-01
8.255167603492736816e-01
1.521407604217529297e+00
4.508656263351440430e-01
1.683036684989929199e+00
6.722888350486755371e-01
1.925571560859680176e+00
3.210897147655487061e-01
5.837296843528747559e-01
7.744127511978149414e-01
8.445568382740020752e-02
7.714837193489074707e-01
2.696250975131988525e-01
6.995899677276611328e-01
4.878056347370147705e-01
2.943990826606750488e-01
9.143571853637695312e-01
1.234254986047744751e-01
8.048449158668518066e-01
9.079258888959884644e-02
7.952052354812622070e-01
3.268156349658966064e-01
2.362971901893615723e-01
6.846218109130859375e-01
4.056571125984191895e-01
3.658142089843750000e-01
5.406565666198730469e-01
7.036672234535217285e-01
1.741007268428802490e-01
8.068745136260986328e-01
7.889178395271301270e-01
1.291772574186325073e-01
5.909446477890014648e-01
1.295219510793685913e-01
6.116626262664794922e-01
1.569702923297882080e-01
1.722001314163208008e+00
1.072001099586486816e+00
4.975480437278747559e-01
8.830559998750686646e-02
3.251922726631164551e-01
7.616018503904342651e-02
4.505273103713989258e-01
1.498587131500244141e-01
1.243873715400695801e+00
6.523529887199401855e-01
1.039385318756103516e+00
8.795508146286010742e-01
2.866175472736358643e-01
3.960946798324584961e-01
1.705405712127685547e+00
6.434621810913085938e-01
1.204005554318428040e-01
1.054492235183715820e+00
2.825498878955841064e-01
7.541055083274841309e-01
1.155466318130493164e+00
5.862534046173095703e-01
9.044484049081802368e-02
2.865784764289855957e-01
4.717767834663391113e-01
2.123111039400100708e-01
6.912784278392791748e-02
6.947428584098815918e-01
7.998806238174438477e-01
6.773751378059387207e-01
3.659628629684448242e-01
1.569946289062500000e+00
1.383063942193984985e-01
3.782608807086944580e-01
4.195339083671569824e-01
8.664090037345886230e-01
3.104925751686096191e-01
1.311234712600708008e+00
8.340725302696228027e-02
6.545957922935485840e-01
3.492948040366172791e-02
1.001053333282470703e+00
7.886986136436462402e-01
4.656419456005096436e-01
2.389859110116958618e-01
6.628085374832153320e-01
3.930595517158508301e-01
1.351211428642272949e+00
1.111853793263435364e-01
1.388229489326477051e+00
2.790328562259674072e-01
7.661896347999572754e-01
7.652460336685180664e-01
1.399247646331787109e-01
4.238182306289672852e-02
2.653355598449707031e-01
2.791059911251068115e-01
8.910579681396484375e-01
6.042314320802688599e-02
6.727035045623779297e-01
1.037566423416137695e+00
3.598069548606872559e-01
5.654718279838562012e-01
5.048545598983764648e-01
9.416066855192184448e-02
8.950205892324447632e-02
1.481340378522872925e-01
8.485174775123596191e-01
1.510150730609893799e-01
6.240673065185546875e-01
1.758712083101272583e-01
8.657422661781311035e-01
2.083427309989929199e-01
2.646878063678741455e-01
3.799239993095397949e-01
2.440973967313766479e-01
6.399773359298706055e-01
2.738310210406780243e-02
3.242157399654388428e-01
5.385702848434448242e-01
5.782063007354736328e-01
7.717634737491607666e-02
1.894064426422119141e+00
1.120090246200561523e+00
4.915858507156372070e-01
2.836646139621734619e-01
1.467264413833618164e+00
4.270696043968200684e-01
5.501186251640319824e-01
3.549636602401733398e-01
4.333780407905578613e-01
8.127635121345520020e-01
4.025626182556152344e-01
1.200793027877807617e+00
9.543278217315673828e-01
5.819285288453102112e-02
9.921839237213134766e-01
2.581253051757812500e-01
1.301153063774108887e+00
1.210682153701782227e+00
2.166538834571838379e-01
2.439048141241073608e-01
1.226104974746704102e+00
5.556530356407165527e-01
2.271672189235687256e-01
7.269150614738464355e-01
3.340320587158203125e-01
1.516539156436920166e-01
1.910190880298614502e-01
2.717486858367919922e+00
5.453863739967346191e-01
3.188595771789550781e-01
4.129461050033569336e-01
1.035166308283805847e-01
8.310559391975402832e-01
1.089665889739990234e-01
6.352872848510742188e-01
1.172826886177062988e+00
2.735510282218456268e-02
4.868533313274383545e-01
3.061604797840118408e-01
5.005378723144531250e-01
5.534290671348571777e-01
1.369448602199554443e-01
3.423902019858360291e-02
2.085192441940307617e+00
9.894813299179077148e-01
2.999874651432037354e-01
2.205246448516845703e+00
3.115260303020477295e-01
2.926629185676574707e-01
1.105661511421203613e+00
4.361087679862976074e-01
7.996147871017456055e-01
2.938179671764373779e-01
4.085953831672668457e-01
1.621595770120620728e-01
8.657044768333435059e-01
3.703553974628448486e-01
3.133698999881744385e-01
2.969102859497070312e-01
1.335726380348205566e-01
6.693371534347534180e-01
5.205340981483459473e-01
6.516948342323303223e-01
7.913973927497863770e-01
2.318914085626602173e-01
4.562750458717346191e-01
6.674827337265014648e-01
2.060769498348236084e-01
8.232581615447998047e-01
1.251260638236999512e+00
1.772018373012542725e-01
1.736707448959350586e+00
2.673754692077636719e-01
4.684183895587921143e-01
6.250044703483581543e-01
3.217531740665435791e-01
1.121983647346496582e+00
5.934395194053649902e-01
4.194612503051757812e-01
1.136622577905654907e-01
6.505950689315795898e-01
3.127991557121276855e-01
3.193082213401794434e-01
4.953314960002899170e-01
4.344676434993743896e-01
1.341383308172225952e-01
6.246913671493530273e-01
2.525096535682678223e-01
2.310358732938766479e-01
2.174657434225082397e-01
3.752797245979309082e-01
6.925317049026489258e-01
4.120214879512786865e-01
1.306381702423095703e+00
1.512416124343872070e+00
8.616514205932617188e-01
2.104686200618743896e-01
5.184957385063171387e-01
8.971725106239318848e-01
6.879042387008666992e-01
1.530984193086624146e-01
2.490246295928955078e-01
6.603245437145233154e-02
2.330112606287002563e-01
1.051844477653503418e+00
2.316121906042098999e-01
5.353048443794250488e-01
1.004557371139526367e+00
7.764702439308166504e-01
4.276101291179656982e-02
7.058923244476318359e-01
5.106426477432250977e-01
3.733739852905273438e-01
1.190435767173767090e+00
7.873263955116271973e-01
9.426788091659545898e-01
4.164643287658691406e-01
1.862402856349945068e-01
2.341996133327484131e-01
4.906679689884185791e-01
2.811491787433624268e-01
2.762767672538757324e-01
2.585575878620147705e-01
1.271840482950210571e-01
9.976573288440704346e-02
2.124805748462677002e-01
4.907144010066986084e-01
2.965334057807922363e-01
2.607922852039337158e-01
3.319732844829559326e-01
9.961480498313903809e-01
1.924563050270080566e-01
8.088035881519317627e-02
1.917596906423568726e-01
8.002014160156250000e-01
7.463363409042358398e-01
5.469117760658264160e-01
2.103338003158569336e+00
5.628503561019897461e-01
4.133826792240142822e-01
3.415889739990234375e-01
4.010097384452819824e-01
7.817475199699401855e-01
4.914117455482482910e-01
1.962568610906600952e-01
4.554208517074584961e-01
6.048310995101928711e-01
4.843885302543640137e-01
3.643034100532531738e-01
1.181594282388687134e-01
3.714342713356018066e-01
1.279911696910858154e-01
7.942562103271484375e-01
9.558656215667724609e-01
6.088100075721740723e-01
3.787484467029571533e-01
1.659962087869644165e-01
5.154024958610534668e-01
3.729583323001861572e-01
1.152528673410415649e-01
3.015736103057861328e+00
1.029351472854614258e+00
2.160239964723587036e-01
5.808303952217102051e-01
6.670346856117248535e-01
9.590154290199279785e-01
1.923951208591461182e-01
6.222218275070190430e-01
3.270751237869262695e-01
3.941951096057891846e-01
4.077927172183990479e-01
2.751407027244567871e-01
1.143681764602661133e+00
1.339141368865966797e+00
2.049487978219985962e-01
1.095094829797744751e-01
1.679122596979141235e-01
1.768450438976287842e-01
3.339352607727050781e-01
1.074579581618309021e-01
4.159415066242218018e-01
1.503040045499801636e-01
8.528057932853698730e-01
5.854136943817138672e-01
2.040600776672363281e-01
1.016829907894134521e-01
2.043664604425430298e-01
6.634845137596130371e-01
2.957678437232971191e-01
1.946779370307922363e+00
4.565366208553314209e-01
4.408147633075714111e-01
1.828219294548034668e-01
2.866906523704528809e-01
3.338448405265808105e-01
5.894638299942016602e-01
2.556470632553100586e-01
4.925624132156372070e-01
4.831280186772346497e-02
5.450129508972167969e-01
5.535237789154052734e-01
6.109549999237060547e-01
6.849473118782043457e-01
6.989030838012695312e-01
1.589976787567138672e+00
9.820566177368164062e-01
2.347084581851959229e-01
5.554730296134948730e-01
3.326545953750610352e-01
7.558678984642028809e-01
5.643505230545997620e-02
4.650932550430297852e-01
1.185256600379943848e+00
2.427152842283248901e-01
5.455576777458190918e-01
1.671871393918991089e-01
3.623611032962799072e-01
2.620937526226043701e-01
3.280238509178161621e-01
2.220916450023651123e-01
1.140142321586608887e+00
6.374453306198120117e-01
2.283635288476943970e-01
8.028380870819091797e-01
3.927859067916870117e-01
3.227222263813018799e-01
2.888591289520263672e-01
1.026931870728731155e-02
6.979716420173645020e-01
3.677644133567810059e-01
1.591526418924331665e-01
3.864773213863372803e-01
5.721564888954162598e-01
1.294043779373168945e+00
7.174929380416870117e-01
1.834522634744644165e-01
4.714362323284149170e-01
4.494463205337524414e-01
4.563814699649810791e-01
1.903839945793151855e+00
2.443565428256988525e-01
4.334679245948791504e-01
1.225001960992813110e-01
9.477819204330444336e-01
3.247666358947753906e-01
3.520908057689666748e-01
2.681834623217582703e-02
8.085333108901977539e-01
3.267292380332946777e-01
1.122732400894165039e+00
1.000456333160400391e+00
8.257526755332946777e-01
8.769211173057556152e-01
3.025776743888854980e-01
4.348897933959960938e-01
7.805096507072448730e-01
3.811522945761680603e-02
6.679989099502563477e-01
1.635508060455322266e+00
2.617819607257843018e-01
6.156202405691146851e-02
1.266385912895202637e+00
5.546969771385192871e-01
3.601355850696563721e-01
7.373208403587341309e-01
1.125408649444580078e+00
7.356210052967071533e-02
1.446127533912658691e+00
2.969298362731933594e-01
7.662709355354309082e-01
6.055343151092529297e-01
6.644876003265380859e-01
3.139767646789550781e-01
2.022591978311538696e-01
1.150219321250915527e+00
1.776592433452606201e-01
2.806996703147888184e-01
4.136181473731994629e-01
3.143852651119232178e-01
1.175068259239196777e+00
1.163573935627937317e-01
6.239312887191772461e-02
6.902016997337341309e-01
8.854649960994720459e-02
2.011411041021347046e-01
6.166394352912902832e-01
6.179590821266174316e-01
1.464836150407791138e-01
1.824136525392532349e-01
5.308370590209960938e-01
8.617123365402221680e-01
3.437355756759643555e-01
2.198505103588104248e-01
4.115554988384246826e-01
5.086610913276672363e-01
9.529026597738265991e-02
3.244535326957702637e-01
9.145964384078979492e-01
1.098057180643081665e-01
3.895050585269927979e-01
1.799249947071075439e-01
1.261406987905502319e-01
5.677865147590637207e-01
5.422226339578628540e-02
6.958609819412231445e-01
5.087953209877014160e-01
1.980538070201873779e-01
6.612595915794372559e-01
8.624487370252609253e-02
3.185197114944458008e-01
4.687404036521911621e-01
6.386547684669494629e-01
3.380323946475982666e-01
1.659947514533996582e+00
5.935267731547355652e-02
9.858077019453048706e-02
2.151019424200057983e-01
2.817644476890563965e-01
9.061002731323242188e-01
6.638883054256439209e-02
1.576737016439437866e-01
3.268234431743621826e-01
7.445876300334930420e-02
2.171785235404968262e-01
4.579819440841674805e-01
6.790131926536560059e-01
4.868572354316711426e-01
1.172603368759155273e+00
3.393634557723999023e-01
3.118886649608612061e-01
3.084228336811065674e-01
3.187324702739715576e-01
1.136659145355224609e+00
5.319738984107971191e-01
6.283520907163619995e-02
9.426853060722351074e-02
9.800320267677307129e-01
1.184802770614624023e+00
3.129061460494995117e-01
2.498883157968521118e-01
4.428633153438568115e-01
1.054312512278556824e-01
2.644248604774475098e-01
6.151803135871887207e-01
1.388036310672760010e-01
3.452609106898307800e-02
1.609150767326354980e-01
1.084899663925170898e+00
7.338052988052368164e-01
5.569902062416076660e-01
1.642205417156219482e-01
1.076717823743820190e-01
2.606692910194396973e-01
1.638030260801315308e-01
3.404919207096099854e-01
4.222135543823242188e-01
1.030647635459899902e+00
4.010928273200988770e-01
7.440167069435119629e-01
5.720044374465942383e-01
5.000952482223510742e-01
3.262092173099517822e-01
2.322155088186264038e-01
3.708105802536010742e+00
2.441966384649276733e-01
2.955994307994842529e-01
2.694458663463592529e-01
2.241298258304595947e-01
7.002736330032348633e-01
5.462911128997802734e-01
5.302009582519531250e-01
1.318281590938568115e-01
1.821243911981582642e-01
4.679545760154724121e-01
8.110067248344421387e-02
3.902865946292877197e-01
1.235420823097229004e+00
9.885854721069335938e-01
9.930329918861389160e-01
6.462311148643493652e-01
1.497219681739807129e+00
1.951717436313629150e-01
4.741221964359283447e-01
6.430857777595520020e-01
1.253458857536315918e+00
6.889506578445434570e-01
2.548554539680480957e-01
1.720046103000640869e-01
5.260424017906188965e-01
2.369636595249176025e-01
3.358679413795471191e-01
1.419280171394348145e+00
7.333199977874755859e-01
2.252456545829772949e-01
6.191494464874267578e-01
1.498744934797286987e-01
8.290615081787109375e-01
1.729635149240493774e-01
9.578422904014587402e-01
5.103530287742614746e-01
1.801889091730117798e-01
1.047893762588500977e-01
5.436590313911437988e-01
3.211566209793090820e-01
8.097931742668151855e-01
9.767460227012634277e-01
5.097558349370956421e-02
7.617957592010498047e-01
2.441478818655014038e-01
5.525104999542236328e-01
2.944757342338562012e-01
3.450029194355010986e-01
5.271407365798950195e-01
6.646801829338073730e-01
1.143025904893875122e-01
7.057982683181762695e-01
9.491170942783355713e-02
7.233371138572692871e-01
4.642643332481384277e-01
3.236727416515350342e-01
7.377495169639587402e-01
3.106819689273834229e-01
3.946757316589355469e-01
1.597706556320190430e+00
6.353370100259780884e-02
4.262268841266632080e-01
8.872951865196228027e-01
3.307150602340698242e-01
2.217643111944198608e-01
5.455202460289001465e-01
6.433891654014587402e-01
3.002755343914031982e-01
6.749365329742431641e-01
3.839287161827087402e-01
3.208353221416473389e-01
2.510793507099151611e-01
3.513492047786712646e-01
5.906575322151184082e-01
1.571502536535263062e-01
1.963764131069183350e-01
4.575564265251159668e-01
9.442198872566223145e-01
4.490030407905578613e-01
6.997902989387512207e-01
4.618828594684600830e-01
2.818101644515991211e-01
6.443319916725158691e-01
2.955176234245300293e-01
5.829803347587585449e-01
5.654596090316772461e-01
1.569829881191253662e-01
3.757614493370056152e-01
1.088274568319320679e-01
8.745931982994079590e-01
6.556186079978942871e-01
4.892452657222747803e-01
2.605364918708801270e-01
3.993741571903228760e-01
8.428800106048583984e-01
8.450393676757812500e-01
8.371732234954833984e-01
8.751621842384338379e-01
1.004098802804946899e-01
4.835702478885650635e-01
2.435887008905410767e-01
1.536459326744079590e-01
3.375353515148162842e-01
3.907704055309295654e-01
9.935977458953857422e-01
2.550758719444274902e-01
2.132682800292968750e-01
2.621453106403350830e-01
4.355578422546386719e-01
2.376641482114791870e-01
8.710966110229492188e-01
1.272767901420593262e+00
4.187372624874114990e-01
1.533347070217132568e-01
6.307395100593566895e-01
1.261272281408309937e-01
1.066735386848449707e+00
2.438263148069381714e-01
4.019253551959991455e-01
1.545177221298217773e+00
4.813967943191528320e-01
3.474754095077514648e-01
2.693851590156555176e-01
2.690596878528594971e-01
1.794772624969482422e+00
2.444975674152374268e-01
3.278258144855499268e-01
5.098857283592224121e-01
2.180585116147994995e-01
7.801541090011596680e-01
6.621538400650024414e-01
3.803081214427947998e-01
1.014394611120223999e-01
1.063580036163330078e+00
5.615863204002380371e-01
7.218062281608581543e-01
1.939163953065872192e-01
5.192957520484924316e-01
1.710163950920104980e+00
2.856073975563049316e-01
9.547637104988098145e-01
1.889429688453674316e-01
6.783275604248046875e-01
4.640733599662780762e-01
1.715351045131683350e-01
5.809274315834045410e-01
8.031656742095947266e-01
1.689661592245101929e-01
5.075843334197998047e-01
5.952723026275634766e-01
3.984384238719940186e-01
2.219515085220336914e+00
5.436436459422111511e-02
4.540150612592697144e-02
4.299764037132263184e-01
3.544326424598693848e-01
3.698814213275909424e-01
1.210696548223495483e-01
5.575405359268188477e-01
3.612979054450988770e-01
3.764050900936126709e-01
7.909533381462097168e-01
7.229816913604736328e-01
3.121387064456939697e-01
3.639308512210845947e-01
1.363398730754852295e-01
1.930782645940780640e-01
3.338301479816436768e-01
1.491153955459594727e+00
2.225112020969390869e-01
5.085461735725402832e-01
2.094513624906539917e-01
1.273772478103637695e+00
5.349776148796081543e-01
4.802002608776092529e-01
8.790611624717712402e-01
8.945137858390808105e-01
3.248194158077239990e-01
7.136545777320861816e-01
2.094346433877944946e-01
2.656979262828826904e-01
3.762290775775909424e-01
6.191335320472717285e-01
1.167270779609680176e+00
9.461462497711181641e-01
3.878981769084930420e-01
9.093783795833587646e-02
6.067861318588256836e-01
6.238310337066650391e-01
2.303316444158554077e-01
1.997075378894805908e-01
1.705052256584167480e-01
9.218429327011108398e-01
3.447776138782501221e-01
6.789020299911499023e-01
2.340485751628875732e-01
3.136665225028991699e-01
4.524461627006530762e-01
7.648642659187316895e-01
5.764941573143005371e-01
5.832497477531433105e-01
1.888350546360015869e-01
1.596176475286483765e-01
1.796046048402786255e-01
1.680320352315902710e-01
4.576267898082733154e-01
4.997193217277526855e-01
8.966931104660034180e-01
7.985111325979232788e-02
3.796123862266540527e-01
2.983494997024536133e-01
2.055132091045379639e-01
4.218069314956665039e-01
9.914700984954833984e-01
2.857713401317596436e-01
3.898480907082557678e-02
2.805545032024383545e-01
3.876460492610931396e-01
1.990666687488555908e-01
6.583108305931091309e-01
7.270094752311706543e-02
5.388540029525756836e-01
1.978423297405242920e-01
2.330044656991958618e-01
7.262534499168395996e-01
3.807046711444854736e-01
4.563342332839965820e-01
7.318683266639709473e-01
5.416413545608520508e-01
2.790445685386657715e-01
2.116216123104095459e-01
7.314378023147583008e-02
3.822948634624481201e-01
1.280218660831451416e-01
5.692632198333740234e-01
8.546947836875915527e-01
7.550932168960571289e-01
8.595260381698608398e-01
1.597907185554504395e+00
8.671439290046691895e-01
8.550579547882080078e-01
7.456962019205093384e-02
2.306187152862548828e-01
2.235935032367706299e-01
1.582163333892822266e+00
1.524203121662139893e-01
4.363940656185150146e-01
1.276869177818298340e-01
4.649898111820220947e-01
5.724221840500831604e-02
9.567924141883850098e-01
4.934813082218170166e-01
3.649378120899200439e-01
6.356877088546752930e-01
7.739471197128295898e-01
7.843600511550903320e-01
1.353057771921157837e-01
4.461308121681213379e-01
5.733518600463867188e-01
1.165590286254882812e-01
1.063758134841918945e+00
5.449315905570983887e-01
2.224445343017578125e-01
2.690381109714508057e-01
1.077576160430908203e+00
9.825433045625686646e-02
3.926956355571746826e-01
1.892041414976119995e-01
7.767701745033264160e-01
3.986903429031372070e-01
2.180031985044479370e-01
1.770460605621337891e+00
5.269142985343933105e-01
1.246090382337570190e-01
8.299401998519897461e-01
3.654535114765167236e-02
3.794096410274505615e-01
5.955413579940795898e-01
1.041314527392387390e-01
2.763393521308898926e-01
2.508198916912078857e-01
1.182000488042831421e-01
1.940993964672088623e-01
1.783652603626251221e-01
9.023224115371704102e-01
8.142182826995849609e-01
9.878818690776824951e-02
6.553083062171936035e-01
9.820631742477416992e-01
2.543756663799285889e-01
8.596488088369369507e-02
4.904509186744689941e-01
2.926380038261413574e-01
7.390099763870239258e-01
3.163828849792480469e-01
5.241361856460571289e-01
6.750234365463256836e-01
3.120757639408111572e-01
5.349298715591430664e-01
5.059818029403686523e-01
7.329785823822021484e-01
2.781519889831542969e-01
1.024050712585449219e+00
8.763684630393981934e-01
4.751321077346801758e-01
1.284125074744224548e-02
9.743264317512512207e-01
2.861080765724182129e-01
4.088875651359558105e-01
4.140260815620422363e-01
5.698229372501373291e-02
3.801541030406951904e-01
1.923938542604446411e-01
